Sr. No.,Category,States/ UTs/ Cities,Motives - Revenge / Settling scores,Motives - Greed/ Money,Motives - Extortion,Motives - Cause Disrepute,Motives - Prank/ Satisfaction of Gaining Control,Motives - Fraud / Illegal Gain,Motives - Eve Teasing / Harassment,Motives - Others,Motives - Total,Suspects - Foreign National /Group,Suspects - Disgrunted Employee / Employee,Suspects - Cracker / Student / Professional learners,Suspects - Business Competitor,Suspects - Neighbours / Friends & Relatives,Suspects - Others,Suspects - Total
1,State,Andhra Pradesh,0,12,1,1,0,42,35,80,171,12,5,7,19,1,127,171
2,State,Arunachal Pradesh,0,0,0,0,0,1,0,2,3,0,0,0,0,0,3,3
3,State,Assam,0,0,0,0,0,0,3,15,18,0,0,0,0,4,14,18
4,State,Bihar,0,2,0,0,0,0,0,0,2,0,0,0,0,0,2,2
5,State,Chhattisgarh,0,0,0,0,0,0,0,50,50,0,0,0,0,0,50,50
6,State,Goa,2,1,0,4,0,1,1,7,16,0,0,1,2,0,13,16
7,State,Gujarat,3,17,0,0,0,8,3,24,55,0,0,1,0,1,53,55
8,State,Haryana,0,0,0,0,0,0,0,1,1,0,0,0,0,0,1,1
9,State,Himachal Pradesh,0,7,0,0,0,0,4,6,17,0,0,4,5,8,0,17
10,State,Jammu & Kashmir,0,0,0,0,0,3,0,3,6,0,1,1,1,0,3,6
11,State,Jharkhand,0,0,0,0,0,0,0,0,0,0,0,0,0,0,0,0
12,State,Karnataka,5,6,0,1,1,43,33,87,176,12,2,2,3,6,151,176
13,State,Kerala,8,23,1,12,0,13,60,39,156,2,9,6,2,44,93,156
14,State,Madhya Pradesh,0,2,1,0,0,12,5,15,35,0,0,0,0,1,34,35
15,State,Maharashtra,4,37,2,9,1,86,48,59,246,1,22,9,21,33,160,246
16,State,Manipur,0,0,0,0,0,0,0,0,0,0,0,0,0,0,0,0
17,State,Meghalaya,0,0,0,0,0,0,0,0,0,0,0,0,0,0,0,0
18,State,Mizoram,0,0,0,0,0,0,0,2,2,0,0,0,0,1,1,2
19,State,Nagaland,0,0,0,0,0,0,0,0,0,0,0,0,0,0,0,0
20,State,Odisha,0,0,0,0,0,4,1,7,12,0,0,1,0,0,11,12
21,State,Punjab,0,7,1,2,2,4,8,44,68,0,3,4,0,5,56,68
22,State,Rajasthan,0,31,0,0,0,12,1,11,55,0,0,0,1,0,54,55
23,State,Sikkim,0,0,0,0,0,0,0,0,0,0,0,0,0,0,0,0
24,State,Tamil Nadu,13,9,10,3,2,30,6,4,77,1,6,4,3,4,59,77
25,State,Tripura,0,0,0,0,0,0,0,0,0,0,0,0,0,0,0,0
26,State,Uttar Pradesh,3,7,8,4,7,6,4,2,41,0,0,18,4,9,10,41
27,State,Uttarakhand,0,0,0,0,0,1,1,9,11,0,0,0,0,0,11,11
28,State,West Bengal,0,0,0,0,0,0,0,60,60,0,0,0,0,0,60,60
State,State,Total (States),38,161,24,36,13,266,213,527,1278,28,48,58,61,117,966,1278
29,Union Territory,A & N Islands,0,0,0,0,0,0,0,0,0,0,0,0,0,0,0,0
30,Union Territory,Chandigarh,0,0,0,3,0,0,0,0,3,0,0,0,0,0,3,3
31,Union Territory,D & N Haveli,0,0,0,0,0,0,0,0,0,0,0,0,0,0,0,0
32,Union Territory,Daman & Diu,0,0,0,0,0,0,0,0,0,0,0,0,0,0,0,0
33,Union Territory,Delhi,4,3,0,2,0,12,8,12,41,5,3,0,2,4,27,41
34,Union Territory,Lakshadweep @,0,0,0,0,0,0,0,0,0,0,0,0,0,0,0,0
35,Union Territory,Puducherry,0,0,0,0,0,0,0,0,0,0,0,0,0,0,0,0
Union Territory,Union Territory,Total (UTs),4,3,0,5,0,12,8,12,44,5,3,0,2,4,30,44
Total (All-India),Total (All-India),Total (All-India),42,164,24,41,13,278,221,539,1322,33,51,58,63,121,996,1322
36,City,Agra,0,1,1,1,0,0,2,8,13,0,1,1,2,4,5,13
37,City,Ahmedabad,3,0,0,0,0,5,0,18,26,0,0,0,0,0,26,26
38,City,Allahabad,0,1,0,0,0,1,0,0,2,0,0,1,0,1,0,2
39,City,Amritsar,0,2,0,0,0,0,2,6,10,0,1,2,0,2,5,10
40,City,Asansol,0,0,0,0,0,0,0,0,0,0,0,0,0,0,0,0
41,City,Bengaluru,3,4,0,0,1,12,10,19,49,2,2,0,3,6,36,49
42,City,Bhopal,0,0,0,0,0,10,0,0,10,0,0,0,0,0,10,10
43,City,Chennai,8,8,9,0,0,0,0,0,25,1,4,3,2,2,13,25
44,City,Coimbatore,1,0,1,0,0,10,5,0,17,0,2,0,0,2,13,17
45,City,Delhi,4,3,0,2,0,12,8,12,41,5,3,0,2,4,27,41
46,City,Dhanbad,0,0,0,0,0,0,0,0,0,0,0,0,0,0,0,0
47,City,Faridabad,0,0,0,0,0,0,0,0,0,0,0,0,0,0,0,0
48,City,Hyderabad,0,10,0,0,0,5,5,36,56,12,0,0,3,0,41,56
49,City,Indore,0,1,0,0,0,2,1,5,9,0,0,0,0,0,9,9
50,City,Jabalpur,0,0,0,0,0,0,0,0,0,0,0,0,0,0,0,0
51,City,Jaipur,0,27,0,0,0,0,0,0,27,0,0,0,0,0,27,27
52,City,Jamshedpur,0,0,0,0,0,0,0,0,0,0,0,0,0,0,0,0
53,City,Kanpur,0,0,1,0,0,2,0,1,4,0,0,2,0,2,0,4
54,City,Kochi,0,4,0,0,0,2,3,1,10,0,1,1,0,3,5,10
55,City,Kolkata,0,0,0,0,0,0,0,13,13,0,0,0,0,0,13,13
56,City,Lucknow,0,0,0,0,0,0,0,0,0,0,0,0,0,0,0,0
57,City,Ludhiana,0,0,0,2,2,2,1,4,11,0,0,0,0,2,9,11
58,City,Madurai,0,0,0,0,0,0,0,1,1,0,0,0,0,0,1,1
59,City,Meerut,0,0,0,0,0,0,0,0,0,0,0,0,0,0,0,0
60,City,Mumbai,1,19,0,1,0,16,0,12,49,0,7,1,12,5,24,49
61,City,Nagpur,0,0,0,0,0,2,2,1,5,0,0,0,0,1,4,5
62,City,Nasik,3,0,1,2,0,1,5,2,14,0,3,3,0,1,7,14
63,City,Patna,0,1,0,0,0,0,0,0,1,0,0,0,0,0,1,1
64,City,Pune,0,14,0,6,0,23,12,3,58,1,4,0,3,14,36,58
65,City,Rajkot,0,0,0,0,0,0,0,0,0,0,0,0,0,0,0,0
66,City,Surat,0,3,0,0,0,0,0,0,3,0,0,0,0,0,3,3
67,City,Vadodara,0,8,0,0,0,0,0,2,10,0,0,0,0,0,10,10
68,City,Varanasi,0,0,1,0,0,0,1,0,2,0,0,2,0,0,0,2
69,City,Vijayawada,0,0,0,0,0,0,0,0,0,0,0,0,0,0,0,0
70,City,Vishakhapatnam,0,2,0,0,0,0,20,9,31,0,0,1,7,0,23,31
City,City,Total (Cities),23,108,14,14,3,105,77,153,497,21,28,17,34,49,348,497
