Sl. No.,Year,Boys,Girls,Total,Percentage of Girls
1,2001 *,31295,2333,33628,6.9
2,2002,33551,2228,35779,6.2
3,2003,30985,2335,33320,7
4,2004,28878,2065,30943,6.7
5,2005,30606,2075,32681,6.3
6,2006,30375,1770,32145,5.5
7,2007,32671,1856,34527,5.4
8,2008,32795,1712,34507,5
9,2009,31550,2092,33642,6.2
10,2010,28763,1540,30303,5.1
11,2011,31909,1978,33887,5.8
