Sr. No.,Category,States/ UTs,Area (in Sqr. Kms.),Estimated Mid-Year Population (In Thousands),Total Cases for Investigation (Including Pending Cases from Previous Year) - IPC,Total Cases for Investigation (Including Pending Cases from Previous Year) - SLL,Total Cases for Investigation (Including Pending Cases from Previous Year) - Total,Actual Police Strength - Civil,Actual Police Strength - Armed,Actual Police Strength - Total,Percentage of Civil Police to Total Police,Actual Police Strength (of Ranks) - D.G. to A.S.I.,Actual Police Strength (of Ranks) - Head Constables to Constables,Actual Police Strength (of Ranks) - Teeth to Tail Ratio,Actual Police Strength of I.Os. (Insp.+ SI+ ASI of Civ. Pol.),No. of Policemen Per 100 Sqr. Kms. of Area,"No. of Policemen Per 1,000 of Population","No. of Policemen Per 1,00,000 of Population",No. of IPC Cases Per Civil Police Man,Total Police Expenditure (Rs. in Crores) @@,Unit Cost Per Policemen (Per Annum)
1,State,Andhra Pradesh,275045,78850,204034,461135,665169,65407,12443,77850,84,8183,69667,'1:09,6658,28.3,1,99,3.1,1159.49,148939
2,State,Arunachal Pradesh,83743,1144,3250,134,3384,3191,2529,5720,55.8,655,5065,'1:08,495,6.8,5,500,1,84.73,148129
3,State,Assam,78438,28211,84032,7308,91340,28341,23708,52049,54.5,6329,45720,'1:07,4876,66.4,1.8,184,3,631.8,121386
4,State,Bihar,94163,88309,161622,14019,175641,39978,9612,49590,80.6,8710,40880,'1:05,7742,52.7,0.6,56,4,897.8,181045
5,State,Chhattisgarh,135191,22154,45511,143942,189453,11841,8509,20350,58.2,2302,18048,'1:08,1436,15.1,0.9,92,3.8,247,121376
6,State,Goa,3702,1465,3289,5048,8337,2881,659,3540,81.4,285,3255,'1:11,229,95.6,2.4,242,1.1,56.72,160226
7,State,Gujarat,196024,53464,114150,178471,292621,46752,10845,57597,81.2,10430,47167,'1:05,8747,29.4,1.1,108,2.4,758.84,131750
8,State,Haryana,44212,22420,42790,25982,68772,34619,3807,38426,90.1,5080,33346,'1:07,4479,86.9,1.7,171,1.2,521.08,135606
9,State,Himachal Pradesh,55673,6316,14487,5844,20331,8212,3311,11523,71.3,1680,9843,'1:06,1205,20.7,1.8,182,1.8,159.34,138280
10,State,Jammu & Kashmir,101387,11041,27809,4380,32189,40278,18759,59037,68.2,6351,52686,'1:08,4810,58.2,5.3,535,0.7,778.69,131899
11,State,Jharkhand,79714,28449,50484,3081,53565,17659,3333,20992,84.1,3118,17874,'1:06,2924,26.3,0.7,74,2.9,299.35,142602
12,State,Karnataka,191791,55044,139465,16871,156336,49727,3592,53319,93.3,5292,48027,'1:09,4859,27.8,1,97,2.8,807.09,151370
13,State,Kerala,38863,32982,133730,61339,195069,35566,7865,43431,81.9,4104,39327,'1:10,3448,111.8,1.3,132,3.8,563.76,129806
14,State,Madhya Pradesh,308245,64665,203295,201584,404879,52934,20082,73016,72.5,9288,63728,'1:07,6529,23.7,1.1,113,3.8,796.36,109067
15,State,Maharashtra,307713,101745,227370,220857,448227,122536,13570,136106,90,23092,113014,'1:05,21046,44.2,1.3,134,1.9,1357.68,99752
16,State,Manipur,22327,2509,6508,1797,8305,4765,8566,13331,35.7,1352,11979,'1:09,918,59.7,5.3,531,1.4,136.72,102558
17,State,Meghalaya,22429,2421,4971,709,5680,5773,3393,9166,63,1099,8067,'1:07,896,40.9,3.8,379,0.9,116.76,127384
18,State,Mizoram,21081,936,2154,870,3024,2965,4145,7110,41.7,999,6111,'1:06,735,33.7,7.6,760,0.7,113.72,159944
19,State,Nagaland,16579,2096,3026,1063,4089,5568,6324,11892,46.8,747,11145,'1:15,461,71.7,5.7,567,0.5,278.96,234578
20,State,Orissa,155707,38294,56918,14689,71607,26959,8306,35265,76.4,5386,29879,'1:06,4606,22.6,0.9,92,2.1,378,107188
21,State,Punjab,50362,25443,38223,32990,71213,52142,18838,70980,73.5,7764,63216,'1:08,6127,140.9,2.8,279,0.7,976.61,137589
22,State,Rajasthan,342239,60511,160043,31962,192005,49026,11488,60514,81,7193,53321,'1:07,6248,17.7,1,100,3.3,750.17,123966
23,State,Sikkim,7096,568,858,170,1028,1960,1460,3420,57.3,497,2923,'1:06,348,48.2,6,602,0.4,53.22,155614
24,State,Tamil Nadu,130058,64230,202754,726501,929255,76357,12167,88524,86.3,9237,79287,'1:09,7935,68.1,1.4,138,2.7,1157.7,130778
25,State,Tripura,10486,3342,4820,192,5012,9381,8988,18369,51.1,1985,16384,'1:08,1491,175.2,5.5,550,0.5,233.31,127013
26,State,Uttar Pradesh,240928,177941,141057,861463,1002520,126249,31149,157398,80.2,14898,142500,'1:10,12679,65.3,0.9,88,1.1,2372.24,150716
27,State,Uttarakhand,53483,8973,9890,65611,75501,9475,2698,12173,77.8,721,11452,'1:16,528,22.8,1.4,136,1,274.83,225770
28,State,West Bengal,88752,83953,103103,1291918,1395021,59624,22125,81749,72.9,16440,65309,'1:04,14597,92.1,1,97,1.7,731.12,89435
State,State,Total (States),3155431,1067476,2189643,4379930,6569573,990166,282271,1272437,77.8,163217,1109220,'1:07,137052,40.3,1.2,119,2.2,16693.09,131190
29,Union Territory,A & N Islands,8249,379,988,7644,8632,2227,513,2740,81.3,378,2362,'1:06,334,33.2,7.2,723,0.4,46.44,169489
30,Union Territory,Chandigarh,114,976,3611,1175,4786,3504,419,3923,89.3,499,3424,'1:07,469,3441.2,4,402,1,64.29,163880
31,Union Territory,D & N Haveli,491,238,526,31,557,224,0,224,100,16,208,'1:13,14,45.6,0.9,94,2.3,3.62,161607
32,Union Territory,Daman & Diu,112,171,287,11,298,242,0,242,100,25,217,'1:09,21,216.1,1.4,142,1.2,3.81,157438
33,Union Territory,Delhi,1483,15279,102959,33987,136946,44616,10453,55069,81,10527,44542,'1:04,9587,3713.4,3.6,360,2.3,1137.12,206490
34,Union Territory,Lakshadweep,32,64,119,7,126,324,0,324,100,47,277,'1:06,45,1012.5,5.1,506,0.4,5.12,158025
35,Union Territory,Puducherry,492,1017,5221,1420,6641,1541,683,2224,69.3,295,1929,'1:07,251,452,2.2,219,3.4,30,134892
Union Territory,Union Territory,Total (UTs),10973,18124,113711,44275,157986,52678,12068,64746,81.4,11787,52959,'1:04,10721,590,3.6,357,2.2,1290.4,199302
Total (All-India),Total (All-India),Total (All-India),3166404,1085600,2303354,4424205,6727559,1042844,294339,1337183,78,175004,1162179,'1:07,147773,42.2,1.2,123,2.2,17983.49,134488
